# pixel-level 1 pose

0.028787,-0.999536,0.00994784,-0.0544361
0.0212711,-0.00933715,-0.99973,0.0823463
0.999359,0.0289908,0.0209925,0.0832728
0,0,0,1
178.35,178.781,-179.465,0,0,0

# pixel-level 4 pose
0.0267615,-0.999584,0.0107452,-0.0114978
0.0254952,-0.0100631,-0.999624,0.0352374
0.999317,0.0270254,0.0252153,0.038581
0,0,0,1
178.466,178.539,-179.423,0,0,0

#ours 4 poses

0.0277   -0.9996    0.0108   -0.0138
0.0229   -0.0101   -0.9997    0.0814
0.9994    0.0279    0.0226   -0.0106
     0         0         0    1.0000
#ours 7 poses
0.0278   -0.9995    0.0134   -0.0069
0.0200   -0.0129   -0.9997    0.0665
0.9994    0.0281    0.0196   -0.0296
     0         0         0    1.0000

#ACSC 24 poses

2.691208478398060544e-02 -9.995862703494842183e-01 1.015026213394398802e-02 -1.808947519448479225e-03
2.168963218836045259e-02 -9.567654812232706529e-03 -9.997189704296540746e-01 6.573104398901749579e-02
9.994024712537554755e-01 2.712467714465716107e-02 2.142317300692470061e-02 -2.017455486880142049e-02
0.000000000000000000e+00 0.000000000000000000e+00 0.000000000000000000e+00 1.000000000000000000e+00
