0.03147156955959329316 -0.99944326325612764528 0.01107717659869883464 -0.01112202874651282980
0.02861621760657850899 -0.01017713498479899670 -0.99953866259059453991 0.02297452660158591162
0.99909491661170468646 0.03177403744323770152 0.02827999549517479227 -0.03975432077706965439
0.00000000000000000000 0.00000000000000000000 0.00000000000000000000 1.00000000000000000000
0.02776015705044154736 -0.99955797782794120199 0.01064061281374029111 -0.00500664222892085835
0.02749079585873437370 -0.00987728917274033336 -0.99957325659585927191 0.04323743241061515225
0.99923652346358327048 0.02804082950119690665 0.02720444921876929989 -0.00679192422055916248
0.00000000000000000000 0.00000000000000000000 0.00000000000000000000 1.00000000000000000000
0.02921998823180171900 -0.99948758797357672989 0.01306727877161684148 -0.00362535329625982570
0.02939927811653725298 -0.01220786512940885693 -0.99949319681286907802 0.03359433730241929983
0.99914056805534623429 0.02958934801147100613 0.02902749989744535242 -0.00799236934447705195
0.00000000000000000000 0.00000000000000000000 0.00000000000000000000 1.00000000000000000000
0.03081456302754459475 -0.99946785443001384674 0.01069909652661971133 -0.00928750968198671992
0.02894575289238010551 -0.00980736688154415504 -0.99953287036712490377 0.04733244616114171133
0.99910590334304127946 0.03110986203626148194 0.02862813981330314395 -0.01981001555310119011
0.00000000000000000000 0.00000000000000000000 0.00000000000000000000 1.00000000000000000000
0.03077151690915269633 -0.99946717498803350210 0.01088484582110454957 -0.01266148394495898548
0.03058135422024949035 -0.00994347987559329738 -0.99948282025356460778 0.03535094120897089992
0.99905850405327378816 0.03108847582952828370 0.03025908375069363831 -0.01626612878803624859
0.00000000000000000000 0.00000000000000000000 0.00000000000000000000 1.00000000000000000000
0.03111662994061714649 -0.99947453107729855581 0.00907838471055283369 -0.01318162807245449458
0.02916704369229861094 -0.00817093260016799050 -0.99954115444172431104 0.04327088078147119099
0.99909010549769239340 0.03136714185668870725 0.02889746543128224321 -0.01060096170141150949
0.00000000000000000000 0.00000000000000000000 0.00000000000000000000 1.00000000000000000000
0.02775486858934761436 -0.99954356830425916680 0.01192989233718061426 -0.00307583691096983882
0.02699153491918726555 -0.01118075660388795356 -0.99957313275441261879 0.04089357408275141881
0.99925028111694524924 0.02806502705064234382 0.02666889469686306580 -0.03726274870862360256
0.00000000000000000000 0.00000000000000000000 0.00000000000000000000 1.00000000000000000000
0.02887473974172616309 -0.99953621823467941887 0.00967459776750118072 -0.00221604721698941912
0.02930666912691015646 -0.00882793685202964973 -0.99953148358399523943 0.08119682883020958031
0.99915332584620530909 0.02914474168785724517 0.02903817284910803487 -0.01493500844522975372
0.00000000000000000000 0.00000000000000000000 0.00000000000000000000 1.00000000000000000000
0.02881073718490334556 -0.99956189760890046259 0.00677895798457012200 -0.00352981988272664396
0.02414599664751954089 -0.00608385742675787711 -0.99968993069086620196 0.09162861867891984591
0.99929320635575247245 0.02896548855629799135 0.02396013781126016262 -0.00952461043955837861
0.00000000000000000000 0.00000000000000000000 0.00000000000000000000 1.00000000000000000000
0.02759987930896068420 -0.99955613960111078242 0.01121474243373871138 -0.00309141546819726061
0.02740876218288551547 -0.01045807902482676077 -0.99956960154794227691 0.05079286359166065162
0.99924321684849704006 0.02789538257193741044 0.02710795479988137302 -0.01266610032554234613
0.00000000000000000000 0.00000000000000000000 0.00000000000000000000 1.00000000000000000000
0.03158324231430276186 -0.99944938019756357495 0.01017031108776750292 -0.01552254594968280159
0.02821338489703040242 -0.00927986393180257885 -0.99955884721113796854 0.04432683082784953654
0.99910284941920157742 0.03185624818011623116 0.02790476185741042059 -0.01238545525292241746
0.00000000000000000000 0.00000000000000000000 0.00000000000000000000 1.00000000000000000000
0.03151324453971726669 -0.99945697648418596604 0.00962639993295588692 -0.01239114200300928982
0.02925162207754550270 -0.00870482912993786329 -0.99953417578172432112 0.04898311168015254125
0.99907520138596794812 0.03178015272002021607 0.02896142034983351099 -0.01146282345429611334
0.00000000000000000000 0.00000000000000000000 0.00000000000000000000 1.00000000000000000000
0.02545458085987262198 -0.99959511049211158262 0.01271532121148288841 0.00023678878711199324
0.02646327213183774507 -0.01204120983261347533 -0.99957726289359105643 0.03100341722394741109
0.99932565239831816495 0.02578030926947816326 0.02614605348127252427 -0.01744688203575852151
0.00000000000000000000 0.00000000000000000000 0.00000000000000000000 1.00000000000000000000
0.02970684825741676249 -0.99950679761749117169 0.01018158548744962921 -0.01091844355088427733
0.03005808854016106535 -0.00928819546576220567 -0.99950499785558921673 0.06029671982587305606
0.99910660816547625096 0.02999818230188666668 0.02976734080599274801 -0.03324610147105509089
0.00000000000000000000 0.00000000000000000000 0.00000000000000000000 1.00000000000000000000
0.02752609782687587270 -0.99957470287230476558 0.00962950238426535376 -0.00109608695204205264
0.02803074619945400414 -0.00885753070041483959 -0.99956781731776089828 0.06890519146583930221
0.99922799760911762412 0.02778412366144572543 0.02777501154704420383 -0.02080810161327820845
0.00000000000000000000 0.00000000000000000000 0.00000000000000000000 1.00000000000000000000
0.03092783955298927800 -0.99946374554952943647 0.01075593197681956603 -0.01053549493576783243
0.02899067640406333135 -0.00985955627845669369 -0.99953105496108862749 0.04308679233085040833
0.99910110070113500313 0.03122515783943080603 0.02867019525017566739 -0.02813297047585332916
0.00000000000000000000 0.00000000000000000000 0.00000000000000000000 1.00000000000000000000
0.02824083074638339408 -0.99953971346789760588 0.01108226868772993479 -0.00393550210800175902
0.02849298797314486764 -0.01027724851267364237 -0.99954115863198478298 0.03420817080062721338
0.99919497852777272584 0.02854363963340433852 0.02818963499873672340 -0.04312143142949103475
0.00000000000000000000 0.00000000000000000000 0.00000000000000000000 1.00000000000000000000
0.03231874556150593492 -0.99942922873746620205 0.00983440036627480918 -0.01150625937973263034
0.02848242460061461978 -0.00891459150860751670 -0.99955454155694023477 0.05776631487191419972
0.99907169421128172448 0.03258445647035107529 0.02817805923641392152 0.00133292803689311827
0.00000000000000000000 0.00000000000000000000 0.00000000000000000000 1.00000000000000000000
0.02732393685728728983 -0.99954935142818035487 0.01242966347585650055 -0.00234536991336685430
0.02779366173212777236 -0.01166984168289486590 -0.99954556032359831441 0.03867570478333600542
0.99924016874930465804 0.02765698563835577994 0.02746227054088479225 -0.04211212450193918544
0.00000000000000000000 0.00000000000000000000 0.00000000000000000000 1.00000000000000000000
0.02938883511146439531 -0.99951469486922417396 0.01032817076121878008 -0.00827175031606387431
0.02713386599706907321 -0.00953109149651987231 -0.99958637026068841713 0.01280500895897464589
0.99919970460706397652 0.02965692221668808637 0.02684059011625949953 -0.03648897778739935288
0.00000000000000000000 0.00000000000000000000 0.00000000000000000000 1.00000000000000000000
