0.03241531746849390938 -0.99938941326745478477 0.01304023935170162130 -0.01517089804070959579
0.02154053668543359779 -0.01234551436055086882 -0.99969174926798176628 0.06953909955926949882
0.99924233921142502357 0.03268621917729813697 0.02112720055221228854 -0.01320224446291109327
0.00000000000000000000 0.00000000000000000000 0.00000000000000000000 1.00000000000000000000
0.03130818355897890815 -0.99943709435233785143 0.01205371622336037785 -0.01590955348492344504
0.02260413635791763687 -0.01134855371918552791 -0.99968008049975443097 0.07322166385446177150
0.99925414718266247771 0.03157063130567372422 0.02223610975893197672 -0.00725779332926614409
0.00000000000000000000 0.00000000000000000000 0.00000000000000000000 1.00000000000000000000
0.02829221507356094456 -0.99954196659862515340 0.01074279174071152143 -0.01718717409670807508
0.02147460341557344554 -0.01013684122088465145 -0.99971800316799663833 0.08219312521899439783
0.99936899690473457447 0.02851493395074761183 0.02117797363794005072 -0.00872266585562151558
0.00000000000000000000 0.00000000000000000000 0.00000000000000000000 1.00000000000000000000
0.02828439850833608382 -0.99956466120041054246 0.00839528917488940873 -0.00299535608770806847
0.02019737317979997115 -0.00782545570069226315 -0.99976538665814618234 0.07018807733341585198
0.99939584695838001860 0.02844732539949745842 0.01996724217205714247 -0.01768886071215330230
0.00000000000000000000 0.00000000000000000000 0.00000000000000000000 1.00000000000000000000
0.02904536131372559282 -0.99953939551422399390 0.00879566945804804989 -0.00596735894554578043
0.02060777244846523359 -0.00819872207152738675 -0.99975402008249325547 0.07036395869934165825
0.99936564214549017393 0.02921947589286916225 0.02036014557115506385 -0.01222410730499125069
0.00000000000000000000 0.00000000000000000000 0.00000000000000000000 1.00000000000000000000
0.02883484691310156389 -0.99955104379397263781 0.00814017529773120030 -0.03076681642932047392
0.02071014680202154512 -0.00754441089118484953 -0.99975705633105871328 0.11825013725577149248
0.99936962202327150884 0.02899642589500950329 0.02048330691999022957 0.03485931088627087365
0.00000000000000000000 0.00000000000000000000 0.00000000000000000000 1.00000000000000000000
0.02813829309201232309 -0.99957868889673506807 0.00711907053989224714 -0.00609086614029257043
0.02057409888306455104 -0.00654124718873583255 -0.99976693210986211646 0.08014009902618433878
0.99939228680084268852 0.02827820342065257009 0.02038137125618144641 -0.01506347494422046775
0.00000000000000000000 0.00000000000000000000 0.00000000000000000000 1.00000000000000000000
0.02833825714957549646 -0.99955680873837815525 0.00911752633525070300 -0.01260079129085753431
0.02094988089072136184 -0.00852528909536598434 -0.99974417824586769843 0.08341028595587726691
0.99937882991005433375 0.02852201869766413100 0.02069900425191950610 0.00300939133861576578
0.00000000000000000000 0.00000000000000000000 0.00000000000000000000 1.00000000000000000000
0.02853060064520163142 -0.99955116405204180730 0.00913648012266293774 -0.00106894285523396527
0.02152129030064736659 -0.00852384249993853871 -0.99973205318866875668 0.05180833450835780479
0.99936121542244116256 0.02871958480277914116 0.02126844042558573289 -0.03371138532064080207
0.00000000000000000000 0.00000000000000000000 0.00000000000000000000 1.00000000000000000000
0.02679131551922975252 -0.99962098801589083230 0.00633290856426643733 -0.01462157837770574308
0.02184729211034475149 -0.00574815329535227626 -0.99974479471570076861 0.09062181172052780065
0.99940228198668545900 0.02692283513724752497 0.02168501113622578469 0.00380105829967243266
0.00000000000000000000 0.00000000000000000000 0.00000000000000000000 1.00000000000000000000
0.02801714544278932628 -0.99956529963662654747 0.00917885197495915683 -0.00583778007941204539
0.02244743609835786469 -0.00855100750547888033 -0.99971145481246292963 0.07247232053782298733
0.99935536831191695839 0.02821510292346729454 0.02219810336876593126 -0.01327998283327034602
0.00000000000000000000 0.00000000000000000000 0.00000000000000000000 1.00000000000000000000
0.02874546653126708318 -0.99954732265876300445 0.00887963510502198794 -0.00622415348327961040
0.02069057649892619422 -0.00828642008670010810 -0.99975158678858255801 0.07402316369104179616
0.99937260228507462934 0.02892205054703522737 0.02044301333250175823 -0.01219443262732607287
0.00000000000000000000 0.00000000000000000000 0.00000000000000000000 1.00000000000000000000
0.02830633956680750352 -0.99955115823737861191 0.00980985252916372064 -0.01022755754759860011
0.02193497930998095091 -0.00919030390539976594 -0.99971715749845846410 0.07841891327038463810
0.99935859821337391651 0.02851351224317633104 0.02166499011213562920 -0.00531811455255033587
0.00000000000000000000 0.00000000000000000000 0.00000000000000000000 1.00000000000000000000
0.03211901867620237105 -0.99939854217974199990 0.01307373428996044806 -0.01959150242987315813
0.02169061220104390175 -0.01238042135694450430 -0.99968807260533454340 0.07698214067906550273
0.99924866073546558809 0.03239257717489052446 0.02127991922792649149 -0.00159295604364272916
0.00000000000000000000 0.00000000000000000000 0.00000000000000000000 1.00000000000000000000
0.02766171735143341248 -0.99959186941296107598 0.00713610514717122335 -0.00803881933695064360
0.02121923141100184873 -0.00655005821017451417 -0.99975339006965602273 0.08140926795093618440
0.99939210203578054958 0.02780631836373531618 0.02102938533478437844 -0.00817560979876656539
0.00000000000000000000 0.00000000000000000000 0.00000000000000000000 1.00000000000000000000
0.03111787325182735486 -0.99945871808750696985 0.01067468047111547191 -0.00771628705927234707
0.02181859272245151304 -0.00999806922539558940 -0.99971195232595655433 0.06087933531767045214
0.99927755252276861953 0.03134181632645732796 0.02149566406193592627 -0.02175547434347990111
0.00000000000000000000 0.00000000000000000000 0.00000000000000000000 1.00000000000000000000
0.03116001421474867694 -0.99944020405058053846 0.01217916423530801540 -0.01512403274006014244
0.02261983004124351604 -0.01147683618399875094 -0.99967826100206402806 0.07238995000692752257
0.99925842343361903630 0.03142547944804657822 0.02224954917337607085 -0.00770358865040965575
0.00000000000000000000 0.00000000000000000000 0.00000000000000000000 1.00000000000000000000
0.02803647288265143089 -0.99958190828550863571 0.00706857953208056555 -0.00605612516439895526
0.02133277937761590692 -0.00647143265055794004 -0.99975148566204952161 0.07538585344442794156
0.99937924168572078720 0.02818029786482556531 0.02114242417329170731 -0.01033952638820954430
0.00000000000000000000 0.00000000000000000000 0.00000000000000000000 1.00000000000000000000
0.03100563487582563837 -0.99945995677808829871 0.01088326252044713449 -0.01366713654867553543
0.02243506298961650547 -0.01018984763716246356 -0.99969637138172284807 0.07147027526060198421
0.99926739091926686243 0.03124038735792838972 0.02210700439063773004 -0.01164177243752938067
0.00000000000000000000 0.00000000000000000000 0.00000000000000000000 1.00000000000000000000
0.02677865776194399139 -0.99962594593631293183 0.00555623068276567267 -0.00037932684214005705
0.02038302855849238870 -0.00501105082808250835 -0.99977968648916948347 0.07510414407924843883
0.99943355738901029639 0.02688601087052155947 0.02024121498867692548 -0.01816831543269141480
0.00000000000000000000 0.00000000000000000000 0.00000000000000000000 1.00000000000000000000
