0.02666973325199117895 -0.99962540213283601620 0.00614660386179727292 0.00361245668393229101
0.01941787944691630852 -0.00562958669864799255 -0.99979560596723349164 0.07328772791396488684
0.99945568750498048338 0.02678363613045559033 0.01926046597511854586 -0.02222886433889264060
0.00000000000000000000 0.00000000000000000000 0.00000000000000000000 1.00000000000000000000
0.02546773923662470906 -0.99966167507686565230 0.00528485011049212305 0.00339799077423756993
0.01938530238073937761 -0.00479171766856012482 -0.99980060486748656423 0.07938862494260331970
0.99948767091434520538 0.02556510951081358840 0.01925670963372327904 -0.00599649184727368313
0.00000000000000000000 0.00000000000000000000 0.00000000000000000000 1.00000000000000000000
0.02713757968891616912 -0.99957469397825249313 0.01067627870141041324 -0.00238240753040286097
0.02064952621980753467 -0.01011738053008803817 -0.99973558288084674039 0.05492943021235271311
0.99941840529155989703 0.02735086414524851017 0.02036618263158196385 -0.03919834039005629100
0.00000000000000000000 0.00000000000000000000 0.00000000000000000000 1.00000000000000000000
0.02491993555208060762 -0.99967613595003779192 0.00515945966956704583 0.00581529559611746773
0.01922576293816391502 -0.00468086069132311877 -0.99980421062457724979 0.07549108787412253663
0.99950456069571091966 0.02501425104195947879 0.01910288965795903238 -0.01501768327757280891
0.00000000000000000000 0.00000000000000000000 0.00000000000000000000 1.00000000000000000000
0.02477383267933752631 -0.99968012235915204577 0.00509020376473218183 0.00263307134382160298
0.01984442055484575418 -0.00459899632220905907 -0.99979250257524454604 0.07069195411367318327
0.99949610113657683108 0.02486970431707224982 0.01972413800303562947 -0.01414924464622408645
0.00000000000000000000 0.00000000000000000000 0.00000000000000000000 1.00000000000000000000
0.02779956779376324683 -0.99956389478834339890 0.00996013383632610161 -0.01055669837837213201
0.02126723724086182488 -0.00937031018604805865 -0.99972991448048509344 0.08814323617347347151
0.99938725659807203794 0.02800388406230125415 0.02099747191459799822 0.00413485582698232008
0.00000000000000000000 0.00000000000000000000 0.00000000000000000000 1.00000000000000000000
0.02468758580079932763 -0.99968892038736734129 0.00354761357366384367 0.00709575315541146907
0.01836975847276506313 -0.00309445560090293448 -0.99982647310330119428 0.07714144498622108048
0.99952642540404124105 0.02474847064515117712 0.01828764937726112816 -0.01974963746088775896
0.00000000000000000000 0.00000000000000000000 0.00000000000000000000 1.00000000000000000000
0.02756590472827546989 -0.99957007355665039583 0.00998944174935989526 -0.00200927989634437035
0.02156802971225374455 -0.00939617436018425067 -0.99972322769940880072 0.05596772310077476054
0.99938728278422817031 0.02777372782586490230 0.02129974299872650079 -0.02919912901711470624
0.00000000000000000000 0.00000000000000000000 0.00000000000000000000 1.00000000000000000000
0.02446437417146585247 -0.99967219142735497250 0.00755010484881657451 0.00138413347641185990
0.02229754071347089805 -0.00700484332029560619 -0.99972683861552358309 0.06381645906167766891
0.99945200688903990116 0.02462604021940412169 0.02211886228047588165 -0.01472456537288131979
0.00000000000000000000 0.00000000000000000000 0.00000000000000000000 1.00000000000000000000
0.02550857599207445592 -0.99964498973981852359 0.00769461103205720809 -0.00138771637396951225
0.02078392481100915790 -0.00716512673195257577 -0.99975831550848603957 0.08633031809482465124
0.99945852391197642639 0.02566233518199678709 0.02059377412471963265 0.00070288460158517358
0.00000000000000000000 0.00000000000000000000 0.00000000000000000000 1.00000000000000000000
0.02456945884852734796 -0.99968158608391544107 0.00575049012153988626 0.00090152717225969398
0.02049600299304432660 -0.00524729807012747074 -0.99977616481104036872 0.06849042160852998606
0.99948799670291177399 0.02468182140180585904 0.02036055350646703843 -0.01589864576472641705
0.00000000000000000000 0.00000000000000000000 0.00000000000000000000 1.00000000000000000000
0.02756624389215278637 -0.99958155066994058835 0.00876503040240611542 0.00096395148340297564
0.02115294989211258248 -0.00818309253530635772 -0.99974276176795617843 0.05050657634261330325
0.99939614513392038830 0.02774455904921474536 0.02091852132978133660 -0.03146111315763272520
0.00000000000000000000 0.00000000000000000000 0.00000000000000000000 1.00000000000000000000
0.02698169379559955949 -0.99959040177853020204 0.00954027631451220826 -0.00016130653234466504
0.02022526129055207678 -0.00899591162180857218 -0.99975497617157249586 0.06783776110273810611
0.99943130179399997104 0.02716803721893357171 0.01997425212670689287 -0.02529044525490899836
0.00000000000000000000 0.00000000000000000000 0.00000000000000000000 1.00000000000000000000
0.02731885387089871831 -0.99956995131018155920 0.01065798578258769780 -0.00382884071894311860
0.02041276521017365564 -0.01010191208178001787 -0.99974060155060540112 0.07445068746333477483
0.99941833045009476066 0.02752932636395882815 0.02012801406726072440 -0.00432466864497789254
0.00000000000000000000 0.00000000000000000000 0.00000000000000000000 1.00000000000000000000
0.02412043838710142829 -0.99969814502493281605 0.00467153997335678639 0.00443564926797605959
0.01959541115848073556 -0.00419921944996404228 -0.99979917304303733694 0.07233123577286762473
0.99951699551010353417 0.02420713509938104968 0.01948820917211713244 -0.01180140936655741345
0.00000000000000000000 0.00000000000000000000 0.00000000000000000000 1.00000000000000000000
0.02544857921448184790 -0.99963884613921727418 0.00863406656324400279 -0.00257779743398478750
0.02170736141719775691 -0.00808224745314811699 -0.99973169787518956220 0.06942730445900333058
0.99944042357524609521 0.02562917410999371315 0.02149384000527188032 -0.00980371163677774132
0.00000000000000000000 0.00000000000000000000 0.00000000000000000000 1.00000000000000000000
0.02818129230712085320 -0.99953758759136901446 0.01142040962167079066 -0.00346626176930159248
0.02177277474791533551 -0.01080844812961423429 -0.99970451820965866574 0.06610898264512699019
0.99936567934048881057 0.02842161925463709826 0.02145811071057468489 -0.01988805497395122052
0.00000000000000000000 0.00000000000000000000 0.00000000000000000000 1.00000000000000000000
0.02534226342212086980 -0.99965675305226731062 0.00664422769340344832 0.00459986980526195643
0.01982425737868381832 -0.00614251344604999083 -0.99978461097775872535 0.06715866384111343623
0.99948225021959602454 0.02546852185665737789 0.01966178756902392522 -0.02167148435135962670
0.00000000000000000000 0.00000000000000000000 0.00000000000000000000 1.00000000000000000000
0.02473536211479399061 -0.99968413840904657430 0.00444806411964149273 0.00331204451076722419
0.01866397257841556634 -0.00398685314048585759 -0.99981786397804905953 0.08237656368335732893
0.99951979369527366170 0.02481387546109314890 0.01855946109021489043 -0.00414036701567918174
0.00000000000000000000 0.00000000000000000000 0.00000000000000000000 1.00000000000000000000
0.02370609591840366903 -0.99971094814572825094 0.00400514342772623211 0.00307591327048224077
0.01936890521141848565 -0.00354623081464855439 -0.99980611608347369490 0.07390043602535496803
0.99953132343474804244 0.02377907493109132631 0.01927923930561092902 -0.00974419911924545926
0.00000000000000000000 0.00000000000000000000 0.00000000000000000000 1.00000000000000000000
