0.02747048431127951940 -0.99958611739543767882 0.00854203734583625085 -0.00136251557727883900
0.02356177338965492751 -0.00789541405534732732 -0.99969120495862573428 0.06682749105744031914
0.99934489308068119584 0.02766326711016825479 0.02333513073357806888 -0.03399365330926527873
0.00000000000000000000 0.00000000000000000000 0.00000000000000000000 1.00000000000000000000
0.02607831943392080465 -0.99961629997019163518 0.00933670656101526220 0.01185781764897756926
0.02418401510578777058 -0.00870628395959371915 -0.99966961243851870655 0.05110935155437962979
0.99936732719699494787 0.02629550253406537363 0.02394769044428990412 -0.05018643126500047652
0.00000000000000000000 0.00000000000000000000 0.00000000000000000000 1.00000000000000000000
0.02460577769370986267 -0.99963590202118202122 0.01107335063951531140 0.01122495852603710292
0.02442114437241543756 -0.01047235242354305207 -0.99964690643359621625 0.05127989053198389602
0.99939890104583839481 0.02486751344656373819 0.02415457230744522121 -0.02581085407379635904
0.00000000000000000000 0.00000000000000000000 0.00000000000000000000 1.00000000000000000000
0.02812384779642729260 -0.99957706935690437966 0.00739808089882598718 0.00052071414309884378
0.02318487452940015681 -0.00674672934994191564 -0.99970842911127566488 0.05921036020229562130
0.99933553463197688504 0.02828717127852847790 0.02298532494614391464 -0.03359451454885344079
0.00000000000000000000 0.00000000000000000000 0.00000000000000000000 1.00000000000000000000
0.02769122335006302116 -0.99956652604547091556 0.00999780769799141211 0.00064490432226344213
0.02500532626924606427 -0.00930585428924302072 -0.99964400400048214479 0.05685977021567294176
0.99930372250259602573 0.02793136382879396473 0.02473679662199723683 -0.03558141197392941657
0.00000000000000000000 0.00000000000000000000 0.00000000000000000000 1.00000000000000000000
0.02631738025585328433 -0.99958055882530283398 0.01208726250911379418 0.01697186261950187416
0.02414350787261448916 -0.01145235590252258184 -0.99964290352699780584 0.05738322187417355114
0.99936203976540638472 0.02659981132973227025 0.02383198508619910339 -0.06972641946618471365
0.00000000000000000000 0.00000000000000000000 0.00000000000000000000 1.00000000000000000000
0.02590801800147612965 -0.99959920178561711968 0.01141097685531783368 0.01256186950417616417
0.02607944902835124257 -0.01073507368771120518 -0.99960223115562185647 0.04950612211774192695
0.99932409004367195315 0.02619530458835761522 0.02579087194939999605 -0.04873294923688131081
0.00000000000000000000 0.00000000000000000000 0.00000000000000000000 1.00000000000000000000
0.02626596628832467140 -0.99959185396926408806 0.01123496743340257620 0.00935017594314721881
0.02415793417502021256 -0.01060085228608365071 -0.99965194750333163931 0.05446610503076378812
0.99936304375904139174 0.02652823795689501774 0.02386963258130214705 -0.04642971660461252953
0.00000000000000000000 0.00000000000000000000 0.00000000000000000000 1.00000000000000000000
0.02750654621243975306 -0.99955710340902781397 0.01135724174335295267 0.00163168064629268142
0.02443268385826630196 -0.01068587669869258683 -0.99964436476111950824 0.06522960541845540527
0.99932298776468897472 0.02777425181232401341 0.02412793114464417688 -0.03178200566708362651
0.00000000000000000000 0.00000000000000000000 0.00000000000000000000 1.00000000000000000000
0.02442338591506887369 -0.99961455182120451113 0.01320022756381589168 0.00935631653427076819
0.02435096701845967937 -0.01260538989286907885 -0.99962399658617395737 0.05979701102464057838
0.99940508735232569393 0.02473564094463048813 0.02403371468060677696 -0.02716892625463316821
0.00000000000000000000 0.00000000000000000000 0.00000000000000000000 1.00000000000000000000
0.02691769349692485491 -0.99954526445109526112 0.01359051471415617662 0.00504236406052944661
0.02423669170145059670 -0.01293887239721946969 -0.99962251292998460794 0.06359923976567695425
0.99934379497356884414 0.02723692153086620937 0.02387738581476195332 -0.03022099079514939043
0.00000000000000000000 0.00000000000000000000 0.00000000000000000000 1.00000000000000000000
0.02678438901137258910 -0.99957510486154743656 0.01149809750845315337 0.00904954431425045516
0.02408143970775833420 -0.01085369062308272348 -0.99965107995813218267 0.05302283177532918917
0.99935112986721996720 0.02705193414314099876 0.02378049814924165783 -0.04864151884891163014
0.00000000000000000000 0.00000000000000000000 0.00000000000000000000 1.00000000000000000000
0.02792332292751664724 -0.99954915964033952402 0.01103474054866482312 -0.00012198384647619793
0.02540744738083711152 -0.01032578474414291847 -0.99962384914877233655 0.04587989807981778662
0.99928712072870995442 0.02819318413567956094 0.02510766245623141657 -0.03250785873987720870
0.00000000000000000000 0.00000000000000000000 0.00000000000000000000 1.00000000000000000000
0.02482089249180607915 -0.99958989817973853409 0.01428141284782685760 0.01019403524274923450
0.02493815837001200908 -0.01366225349418237478 -0.99959563378726934424 0.04533900126726558150
0.99938081408090995161 0.02516700789685910600 0.02458882186069555331 -0.02307260975596431285
0.00000000000000000000 0.00000000000000000000 0.00000000000000000000 1.00000000000000000000
0.02536395490782494822 -0.99958529637231907650 0.01363470086570262030 0.00831450944990365197
0.02536496991143449842 -0.01299119455303743287 -0.99959384110021276548 0.05992673534041268596
0.99935643695971954070 0.02569949688901534968 0.02502494289355405854 -0.02557463202051244236
0.00000000000000000000 0.00000000000000000000 0.00000000000000000000 1.00000000000000000000
0.02743527823334301896 -0.99956067505260226547 0.01121438347147374337 0.00043578836326771311
0.02374406363051434488 -0.01056381183052446104 -0.99966225562532851079 0.06272724809573913818
0.99934154569424826775 0.02769228715717592104 0.02344381115423366246 -0.03403296148537416493
0.00000000000000000000 0.00000000000000000000 0.00000000000000000000 1.00000000000000000000
0.02591164206748064469 -0.99953793317821593156 0.01589046705378877045 0.00991333451345114379
0.02571522715645158108 -0.01522408079441017748 -0.99955337749229655753 0.06954763850834191907
0.99933343479424285860 0.02630869631483212512 0.02530886407081667233 -0.02573515098878861179
0.00000000000000000000 0.00000000000000000000 0.00000000000000000000 1.00000000000000000000
0.02329402191800311606 -0.99950545379219957187 0.02112430785926250332 0.00112406146610088617
0.02030035680058894787 -0.02065278493553202033 -0.99958059104215069013 0.06976335478863952833
0.99952252803858931962 0.02371308318325476838 0.01980923091116015833 -0.03949456202099245472
0.00000000000000000000 0.00000000000000000000 0.00000000000000000000 1.00000000000000000000
0.02850913540718247319 -0.99955760385979375293 0.00847500822433483458 -0.00138470112222676203
0.02335756840224068043 -0.00780998851183700715 -0.99969666803374890307 0.05855540374507314794
0.99932059580330356852 0.02869844325939280294 0.02312457908412257623 -0.03696176639376653333
0.00000000000000000000 0.00000000000000000000 0.00000000000000000000 1.00000000000000000000
0.02614002276979032757 -0.99958207165430879027 0.01234427952029409914 0.00612981510680107779
0.02442526577770454121 -0.01170616597038742768 -0.99963311873404947505 0.05782701258710608305
0.99935984790328813432 0.02643194479326194113 0.02410905832177212549 -0.02510936293389993273
0.00000000000000000000 0.00000000000000000000 0.00000000000000000000 1.00000000000000000000
